t	T9	h	phie
1.085501e-02	9.980003e+01	5.733683e-05	6.907025e-10
1.088801e-02	9.963179e+01	5.733679e-05	6.914679e-10
1.093751e-02	9.938097e+01	5.733672e-05	6.918062e-10
1.101176e-02	9.900815e+01	5.733661e-05	6.919794e-10
1.112314e-02	9.845645e+01	5.733646e-05	6.921774e-10
1.129021e-02	9.764538e+01	5.733623e-05	6.924670e-10
1.149428e-02	9.668097e+01	5.733594e-05	6.928471e-10
1.170244e-02	9.572608e+01	5.733565e-05	6.932714e-10
1.191478e-02	9.478062e+01	5.733536e-05	6.937108e-10
1.213137e-02	9.384450e+01	5.733506e-05	6.941572e-10
1.235231e-02	9.291763e+01	5.733475e-05	6.946104e-10
1.257769e-02	9.199991e+01	5.733444e-05	6.950702e-10
1.280758e-02	9.109125e+01	5.733412e-05	6.955368e-10
1.304208e-02	9.019157e+01	5.733379e-05	6.960102e-10
1.328129e-02	8.930078e+01	5.733346e-05	6.964903e-10
1.352529e-02	8.841878e+01	5.733312e-05	6.969771e-10
1.377419e-02	8.754549e+01	5.733277e-05	6.974705e-10
1.402808e-02	8.668083e+01	5.733242e-05	6.979705e-10
1.428706e-02	8.582471e+01	5.733206e-05	6.984769e-10
1.455124e-02	8.497705e+01	5.733169e-05	6.989898e-10
1.482071e-02	8.413776e+01	5.733131e-05	6.995089e-10
1.509559e-02	8.330675e+01	5.733093e-05	7.000342e-10
1.537599e-02	8.248396e+01	5.733054e-05	7.005655e-10
1.566201e-02	8.166929e+01	5.733014e-05	7.011028e-10
1.595376e-02	8.086267e+01	5.732974e-05	7.016460e-10
1.625137e-02	8.006401e+01	5.732932e-05	7.021950e-10
1.655495e-02	7.927324e+01	5.732890e-05	7.027498e-10
1.686461e-02	7.849029e+01	5.732847e-05	7.033102e-10
1.718049e-02	7.771506e+01	5.732803e-05	7.038762e-10
1.750271e-02	7.694749e+01	5.732758e-05	7.044478e-10
1.783138e-02	7.618751e+01	5.732713e-05	7.050249e-10
1.816665e-02	7.543503e+01	5.732666e-05	7.056076e-10
1.850865e-02	7.468998e+01	5.732618e-05	7.061959e-10
1.885751e-02	7.395229e+01	5.732570e-05	7.067897e-10
1.921336e-02	7.322189e+01	5.732520e-05	7.073891e-10
1.957635e-02	7.249870e+01	5.732470e-05	7.079942e-10
1.994663e-02	7.178265e+01	5.732418e-05	7.086049e-10
2.032433e-02	7.107368e+01	5.732366e-05	7.092214e-10
2.070961e-02	7.037170e+01	5.732312e-05	7.098438e-10
2.110262e-02	6.967666e+01	5.732258e-05	7.104720e-10
2.150352e-02	6.898849e+01	5.732202e-05	7.111064e-10
2.191245e-02	6.830711e+01	5.732145e-05	7.117468e-10
2.232959e-02	6.763247e+01	5.732087e-05	7.123935e-10
2.275510e-02	6.696448e+01	5.732028e-05	7.130466e-10
2.318915e-02	6.630310e+01	5.731967e-05	7.137061e-10
2.363190e-02	6.564824e+01	5.731906e-05	7.143723e-10
2.408353e-02	6.499985e+01	5.731843e-05	7.150452e-10
2.454423e-02	6.435787e+01	5.731779e-05	7.157250e-10
2.501417e-02	6.372223e+01	5.731714e-05	7.164118e-10
2.549354e-02	6.309287e+01	5.731647e-05	7.171057e-10
2.598253e-02	6.246972e+01	5.731579e-05	7.178069e-10
2.648133e-02	6.185273e+01	5.731510e-05	7.185155e-10
2.699013e-02	6.124183e+01	5.731439e-05	7.192316e-10
2.750915e-02	6.063696e+01	5.731367e-05	7.199553e-10
2.803858e-02	6.003807e+01	5.731293e-05	7.206868e-10
2.857863e-02	5.944510e+01	5.731218e-05	7.214261e-10
2.912952e-02	5.885798e+01	5.731141e-05	7.221734e-10
2.969146e-02	5.827666e+01	5.731063e-05	7.229287e-10
3.026468e-02	5.770108e+01	5.730983e-05	7.236922e-10
3.084940e-02	5.713118e+01	5.730902e-05	7.244639e-10
3.144586e-02	5.656692e+01	5.730819e-05	7.252439e-10
3.205428e-02	5.600823e+01	5.730735e-05	7.260323e-10
3.267492e-02	5.545505e+01	5.730648e-05	7.268291e-10
3.330801e-02	5.490734e+01	5.730560e-05	7.276343e-10
3.395380e-02	5.436504e+01	5.730470e-05	7.284481e-10
3.461255e-02	5.382810e+01	5.730379e-05	7.292705e-10
3.528453e-02	5.329646e+01	5.730285e-05	7.301015e-10
3.596999e-02	5.277007e+01	5.730190e-05	7.309411e-10
3.666920e-02	5.224887e+01	5.730093e-05	7.317893e-10
3.738246e-02	5.173283e+01	5.729994e-05	7.326462e-10
3.811002e-02	5.122188e+01	5.729893e-05	7.335117e-10
3.885219e-02	5.071598e+01	5.729790e-05	7.343860e-10
3.960926e-02	5.021508e+01	5.729684e-05	7.352689e-10
4.038152e-02	4.971912e+01	5.729577e-05	7.361604e-10
4.116928e-02	4.922807e+01	5.729467e-05	7.370606e-10
4.197285e-02	4.874186e+01	5.729356e-05	7.379695e-10
4.279256e-02	4.826045e+01	5.729242e-05	7.388870e-10
4.362872e-02	4.778380e+01	5.729126e-05	7.398131e-10
4.448166e-02	4.731186e+01	5.729007e-05	7.407478e-10
4.535173e-02	4.684458e+01	5.728886e-05	7.416910e-10
4.623926e-02	4.638191e+01	5.728763e-05	7.426428e-10
4.714461e-02	4.592382e+01	5.728637e-05	7.436032e-10
4.806814e-02	4.547024e+01	5.728509e-05	7.445720e-10
4.901021e-02	4.502115e+01	5.728378e-05	7.455493e-10
4.997119e-02	4.457649e+01	5.728244e-05	7.465352e-10
5.095147e-02	4.413623e+01	5.728108e-05	7.475294e-10
5.195143e-02	4.370031e+01	5.727969e-05	7.485321e-10
5.297147e-02	4.326870e+01	5.727827e-05	7.495433e-10
5.401199e-02	4.284135e+01	5.727683e-05	7.505629e-10
5.507340e-02	4.241823e+01	5.727535e-05	7.515909e-10
5.615612e-02	4.199928e+01	5.727385e-05	7.526273e-10
5.726059e-02	4.158447e+01	5.727232e-05	7.536721e-10
5.838724e-02	4.117376e+01	5.727075e-05	7.547253e-10
5.953652e-02	4.076710e+01	5.726916e-05	7.557870e-10
6.070887e-02	4.036446e+01	5.726753e-05	7.568571e-10
6.190477e-02	3.996580e+01	5.726587e-05	7.579356e-10
6.312469e-02	3.957107e+01	5.726417e-05	7.590226e-10
6.436911e-02	3.918024e+01	5.726244e-05	7.601182e-10
6.563853e-02	3.879328e+01	5.726068e-05	7.612222e-10
6.693345e-02	3.841013e+01	5.725888e-05	7.623347e-10
6.825437e-02	3.803077e+01	5.725705e-05	7.634559e-10
6.960183e-02	3.765516e+01	5.725518e-05	7.645856e-10
7.097636e-02	3.728325e+01	5.725327e-05	7.657240e-10
7.237851e-02	3.691502e+01	5.725132e-05	7.668711e-10
7.380882e-02	3.655043e+01	5.724934e-05	7.680270e-10
7.526787e-02	3.618944e+01	5.724731e-05	7.691916e-10
7.675624e-02	3.583201e+01	5.724525e-05	7.703650e-10
7.827451e-02	3.547811e+01	5.724314e-05	7.715474e-10
7.982329e-02	3.512771e+01	5.724099e-05	7.727387e-10
8.140319e-02	3.478077e+01	5.723880e-05	7.739389e-10
8.301484e-02	3.443726e+01	5.723656e-05	7.751482e-10
8.465888e-02	3.409714e+01	5.723428e-05	7.763667e-10
8.633596e-02	3.376038e+01	5.723196e-05	7.775942e-10
8.804674e-02	3.342694e+01	5.722958e-05	7.788310e-10
8.979192e-02	3.309680e+01	5.722716e-05	7.800771e-10
9.157217e-02	3.276992e+01	5.722469e-05	7.813324e-10
9.338820e-02	3.244627e+01	5.722217e-05	7.825972e-10
9.524074e-02	3.212581e+01	5.721960e-05	7.838713e-10
9.713053e-02	3.180852e+01	5.721698e-05	7.851550e-10
9.905830e-02	3.149436e+01	5.721431e-05	7.864482e-10
1.010248e-01	3.118331e+01	5.721159e-05	7.877509e-10
1.030309e-01	3.087533e+01	5.720880e-05	7.890633e-10
1.050773e-01	3.057039e+01	5.720597e-05	7.903853e-10
1.071649e-01	3.026846e+01	5.720307e-05	7.917170e-10
1.092944e-01	2.996951e+01	5.720012e-05	7.930584e-10
1.114668e-01	2.967352e+01	5.719711e-05	7.944096e-10
1.136829e-01	2.938045e+01	5.719404e-05	7.957706e-10
1.159435e-01	2.909027e+01	5.719091e-05	7.971413e-10
1.182496e-01	2.880297e+01	5.718772e-05	7.985219e-10
1.206021e-01	2.851849e+01	5.718446e-05	7.999123e-10
1.230020e-01	2.823683e+01	5.718113e-05	8.013125e-10
1.254501e-01	2.795795e+01	5.717774e-05	8.027225e-10
1.279475e-01	2.768183e+01	5.717429e-05	8.041423e-10
1.304951e-01	2.740843e+01	5.717076e-05	8.055720e-10
1.330940e-01	2.713773e+01	5.716716e-05	8.070114e-10
1.357452e-01	2.686971e+01	5.716349e-05	8.084606e-10
1.384497e-01	2.660433e+01	5.715975e-05	8.099196e-10
1.412087e-01	2.634158e+01	5.715593e-05	8.113882e-10
1.440232e-01	2.608142e+01	5.715204e-05	8.128665e-10
1.468944e-01	2.582383e+01	5.714807e-05	8.143545e-10
1.498234e-01	2.556878e+01	5.714402e-05	8.158519e-10
1.528113e-01	2.531625e+01	5.713988e-05	8.173589e-10
1.558595e-01	2.506622e+01	5.713567e-05	8.188753e-10
1.589690e-01	2.481866e+01	5.713137e-05	8.204011e-10
1.621411e-01	2.457354e+01	5.712699e-05	8.219362e-10
1.653771e-01	2.433084e+01	5.712251e-05	8.234804e-10
1.686783e-01	2.409054e+01	5.711795e-05	8.250338e-10
1.720460e-01	2.385262e+01	5.711330e-05	8.265962e-10
1.754816e-01	2.361704e+01	5.710855e-05	8.281675e-10
1.789864e-01	2.338379e+01	5.710371e-05	8.297476e-10
1.825618e-01	2.315285e+01	5.709878e-05	8.313364e-10
1.862092e-01	2.292418e+01	5.709374e-05	8.329337e-10
1.899302e-01	2.269777e+01	5.708861e-05	8.345395e-10
1.937262e-01	2.247361e+01	5.708337e-05	8.361537e-10
1.975987e-01	2.225165e+01	5.707803e-05	8.377760e-10
2.015493e-01	2.203189e+01	5.707258e-05	8.394064e-10
2.055795e-01	2.181429e+01	5.706702e-05	8.410447e-10
2.096910e-01	2.159885e+01	5.706135e-05	8.426908e-10
2.138854e-01	2.138553e+01	5.705557e-05	8.443445e-10
2.181644e-01	2.117433e+01	5.704967e-05	8.460057e-10
2.225298e-01	2.096520e+01	5.704366e-05	8.476741e-10
2.269832e-01	2.075815e+01	5.703752e-05	8.493497e-10
2.315265e-01	2.055314e+01	5.703127e-05	8.510323e-10
2.361615e-01	2.035015e+01	5.702488e-05	8.527218e-10
2.408900e-01	2.014917e+01	5.701838e-05	8.544178e-10
2.457139e-01	1.995017e+01	5.701174e-05	8.561204e-10
2.506353e-01	1.975314e+01	5.700497e-05	8.578293e-10
2.556560e-01	1.955805e+01	5.699806e-05	8.595443e-10
2.607781e-01	1.936490e+01	5.699102e-05	8.612652e-10
2.660037e-01	1.917365e+01	5.698384e-05	8.629920e-10
2.713348e-01	1.898428e+01	5.697652e-05	8.647243e-10
2.767736e-01	1.879679e+01	5.696905e-05	8.664621e-10
2.823223e-01	1.861116e+01	5.696143e-05	8.682051e-10
2.879832e-01	1.842735e+01	5.695366e-05	8.699532e-10
2.937584e-01	1.824536e+01	5.694573e-05	8.717061e-10
2.996505e-01	1.806517e+01	5.693765e-05	8.734638e-10
3.056616e-01	1.788676e+01	5.692941e-05	8.752260e-10
3.117943e-01	1.771011e+01	5.692100e-05	8.769925e-10
3.180511e-01	1.753520e+01	5.691243e-05	8.787632e-10
3.244344e-01	1.736202e+01	5.690369e-05	8.805379e-10
3.309468e-01	1.719056e+01	5.689477e-05	8.823163e-10
3.375911e-01	1.702078e+01	5.688568e-05	8.840985e-10
3.443698e-01	1.685269e+01	5.687640e-05	8.858841e-10
3.512858e-01	1.668625e+01	5.686694e-05	8.876730e-10
3.583417e-01	1.652146e+01	5.685730e-05	8.894650e-10
3.655406e-01	1.635829e+01	5.684746e-05	8.912600e-10
3.728853e-01	1.619674e+01	5.683743e-05	8.930577e-10
3.803788e-01	1.603678e+01	5.682721e-05	8.948581e-10
3.880242e-01	1.587841e+01	5.681677e-05	8.966610e-10
3.958245e-01	1.572160e+01	5.680614e-05	8.984663e-10
4.037829e-01	1.556633e+01	5.679529e-05	9.002737e-10
4.119028e-01	1.541260e+01	5.678423e-05	9.020831e-10
4.201873e-01	1.526039e+01	5.677295e-05	9.038944e-10
4.286398e-01	1.510968e+01	5.676144e-05	9.057075e-10
4.372639e-01	1.496046e+01	5.674971e-05	9.075222e-10
4.460630e-01	1.481272e+01	5.673775e-05	9.093384e-10
4.550407e-01	1.466643e+01	5.672555e-05	9.111560e-10
4.642007e-01	1.452159e+01	5.671312e-05	9.129747e-10
4.735468e-01	1.437818e+01	5.670043e-05	9.147947e-10
4.830827e-01	1.423619e+01	5.668750e-05	9.166156e-10
4.928124e-01	1.409560e+01	5.667431e-05	9.184374e-10
5.027399e-01	1.395639e+01	5.666087e-05	9.202601e-10
5.128692e-01	1.381857e+01	5.664716e-05	9.220835e-10
5.232045e-01	1.368210e+01	5.663318e-05	9.239075e-10
5.337501e-01	1.354698e+01	5.661892e-05	9.257320e-10
5.445103e-01	1.341320e+01	5.660439e-05	9.275571e-10
5.554895e-01	1.328074e+01	5.658957e-05	9.293825e-10
5.666922e-01	1.314958e+01	5.657446e-05	9.312083e-10
5.781231e-01	1.301973e+01	5.655905e-05	9.330343e-10
5.897869e-01	1.289115e+01	5.654334e-05	9.348606e-10
6.016884e-01	1.276385e+01	5.652733e-05	9.366871e-10
6.138325e-01	1.263780e+01	5.651100e-05	9.385137e-10
6.262243e-01	1.251300e+01	5.649435e-05	9.403405e-10
6.388688e-01	1.238943e+01	5.647738e-05	9.421674e-10
6.517714e-01	1.226708e+01	5.646007e-05	9.439943e-10
6.649373e-01	1.214594e+01	5.644243e-05	9.458214e-10
6.783721e-01	1.202599e+01	5.642444e-05	9.476485e-10
6.920814e-01	1.190723e+01	5.640611e-05	9.494757e-10
7.060708e-01	1.178965e+01	5.638741e-05	9.513030e-10
7.203462e-01	1.167322e+01	5.636836e-05	9.531304e-10
7.349135e-01	1.155795e+01	5.634893e-05	9.549579e-10
7.497789e-01	1.144381e+01	5.632913e-05	9.567857e-10
7.649485e-01	1.133081e+01	5.630894e-05	9.586137e-10
7.804287e-01	1.121891e+01	5.628836e-05	9.604421e-10
7.962259e-01	1.110813e+01	5.626738e-05	9.622708e-10
8.123469e-01	1.099844e+01	5.624599e-05	9.641000e-10
8.287983e-01	1.088983e+01	5.622419e-05	9.659297e-10
8.455871e-01	1.078229e+01	5.620197e-05	9.677601e-10
8.627204e-01	1.067582e+01	5.617933e-05	9.695912e-10
8.802054e-01	1.057040e+01	5.615624e-05	9.714231e-10
8.980495e-01	1.046602e+01	5.613271e-05	9.732560e-10
9.162601e-01	1.036267e+01	5.610873e-05	9.750900e-10
9.348451e-01	1.026034e+01	5.608428e-05	9.769253e-10
9.538123e-01	1.015902e+01	5.605937e-05	9.787619e-10
9.731697e-01	1.005871e+01	5.603398e-05	9.806000e-10
9.929256e-01	9.959383e+00	5.600810e-05	9.824399e-10
1.012975e+00	9.861586e+00	5.598188e-05	9.842714e-10
1.033083e+00	9.766393e+00	5.595561e-05	9.860739e-10
1.053239e+00	9.673746e+00	5.592932e-05	9.878475e-10
1.073488e+00	9.583324e+00	5.590295e-05	9.895974e-10
1.093843e+00	9.494991e+00	5.587648e-05	9.913254e-10
1.114294e+00	9.408705e+00	5.584992e-05	9.930315e-10
1.134836e+00	9.324412e+00	5.582329e-05	9.947161e-10
1.155467e+00	9.242038e+00	5.579657e-05	9.963799e-10
1.176189e+00	9.161509e+00	5.576978e-05	9.980238e-10
1.197000e+00	9.082762e+00	5.574292e-05	9.996483e-10
1.217898e+00	9.005737e+00	5.571598e-05	1.001254e-09
1.238884e+00	8.930375e+00	5.568897e-05	1.002842e-09
1.259955e+00	8.856620e+00	5.566189e-05	1.004412e-09
1.281110e+00	8.784420e+00	5.563475e-05	1.005965e-09
1.302350e+00	8.713724e+00	5.560754e-05	1.007501e-09
1.323671e+00	8.644483e+00	5.558027e-05	1.009022e-09
1.345075e+00	8.576652e+00	5.555293e-05	1.010527e-09
1.366559e+00	8.510184e+00	5.552553e-05	1.012017e-09
1.388122e+00	8.445039e+00	5.549808e-05	1.013492e-09
1.409765e+00	8.381176e+00	5.547057e-05	1.014953e-09
1.431485e+00	8.318555e+00	5.544300e-05	1.016401e-09
1.453281e+00	8.257140e+00	5.541538e-05	1.017835e-09
1.475154e+00	8.196895e+00	5.538770e-05	1.019256e-09
1.497101e+00	8.137786e+00	5.535998e-05	1.020664e-09
1.519121e+00	8.079779e+00	5.533221e-05	1.022061e-09
1.541214e+00	8.022845e+00	5.530439e-05	1.023445e-09
1.563378e+00	7.966953e+00	5.527653e-05	1.024818e-09
1.585612e+00	7.912075e+00	5.524862e-05	1.026180e-09
1.607915e+00	7.858184e+00	5.522067e-05	1.027531e-09
1.630285e+00	7.805253e+00	5.519269e-05	1.028871e-09
1.652721e+00	7.753258e+00	5.516467e-05	1.030201e-09
1.675220e+00	7.702177e+00	5.513661e-05	1.031521e-09
1.697780e+00	7.651986e+00	5.510852e-05	1.032830e-09
1.720399e+00	7.602667e+00	5.508041e-05	1.034130e-09
1.743074e+00	7.554200e+00	5.505227e-05	1.035420e-09
1.765802e+00	7.506567e+00	5.502412e-05	1.036700e-09
1.788579e+00	7.459752e+00	5.499595e-05	1.037972e-09
1.811399e+00	7.413743e+00	5.496777e-05	1.039233e-09
1.834258e+00	7.368526e+00	5.493960e-05	1.040486e-09
1.857150e+00	7.324092e+00	5.491143e-05	1.041728e-09
1.880065e+00	7.280432e+00	5.488327e-05	1.042962e-09
1.902995e+00	7.237542e+00	5.485515e-05	1.044185e-09
1.925930e+00	7.195418e+00	5.482706e-05	1.045398e-09
1.948857e+00	7.154060e+00	5.479904e-05	1.046601e-09
1.971762e+00	7.113471e+00	5.477108e-05	1.047793e-09
1.994628e+00	7.073656e+00	5.474322e-05	1.048974e-09
2.017436e+00	7.034623e+00	5.471548e-05	1.050142e-09
2.040167e+00	6.996381e+00	5.468787e-05	1.051298e-09
2.062797e+00	6.958944e+00	5.466044e-05	1.052440e-09
2.085304e+00	6.922322e+00	5.463319e-05	1.053568e-09
2.107664e+00	6.886527e+00	5.460617e-05	1.054681e-09
2.129853e+00	6.851569e+00	5.457940e-05	1.055777e-09
2.151852e+00	6.817450e+00	5.455290e-05	1.056857e-09
2.173645e+00	6.784168e+00	5.452669e-05	1.057920e-09
2.195221e+00	6.751712e+00	5.450078e-05	1.058966e-09
2.216578e+00	6.720057e+00	5.447517e-05	1.059995e-09
2.237722e+00	6.689169e+00	5.444986e-05	1.061007e-09
2.258670e+00	6.658999e+00	5.442482e-05	1.062005e-09
2.279449e+00	6.629491e+00	5.440002e-05	1.062988e-09
2.300091e+00	6.600575e+00	5.437542e-05	1.063960e-09
2.320641e+00	6.572177e+00	5.435097e-05	1.064923e-09
2.341146e+00	6.544218e+00	5.432660e-05	1.065878e-09
2.361658e+00	6.516616e+00	5.430227e-05	1.066828e-09
2.382234e+00	6.489292e+00	5.427789e-05	1.067777e-09
2.402932e+00	6.462163e+00	5.425340e-05	1.068727e-09
2.423810e+00	6.435154e+00	5.422874e-05	1.069680e-09
2.444931e+00	6.408186e+00	5.420383e-05	1.070639e-09
2.466356e+00	6.381187e+00	5.417860e-05	1.071608e-09
2.488151e+00	6.354083e+00	5.415297e-05	1.072588e-09
2.510382e+00	6.326804e+00	5.412687e-05	1.073583e-09
2.533119e+00	6.299279e+00	5.410022e-05	1.074595e-09
2.556436e+00	6.271437e+00	5.407294e-05	1.075629e-09
2.580410e+00	6.243208e+00	5.404493e-05	1.076686e-09
2.605122e+00	6.214521e+00	5.401611e-05	1.077770e-09
2.630660e+00	6.185304e+00	5.398638e-05	1.078884e-09
2.657116e+00	6.155485e+00	5.395564e-05	1.080033e-09
2.684590e+00	6.124989e+00	5.392378e-05	1.081219e-09
2.713189e+00	6.093741e+00	5.389067e-05	1.082448e-09
2.743027e+00	6.061665e+00	5.385621e-05	1.083722e-09
2.774227e+00	6.028684e+00	5.382025e-05	1.085047e-09
2.806918e+00	5.994722e+00	5.378265e-05	1.086428e-09
2.841237e+00	5.959704e+00	5.374328e-05	1.087869e-09
2.877330e+00	5.923559e+00	5.370197e-05	1.089375e-09
2.915347e+00	5.886221e+00	5.365858e-05	1.090951e-09
2.955441e+00	5.847630e+00	5.361294e-05	1.092603e-09
2.997768e+00	5.807739e+00	5.356490e-05	1.094336e-09
3.042481e+00	5.766512e+00	5.351430e-05	1.096154e-09
3.089728e+00	5.723933e+00	5.346101e-05	1.098062e-09
3.139643e+00	5.680003e+00	5.340489e-05	1.100063e-09
3.192348e+00	5.634750e+00	5.334585e-05	1.102162e-09
3.247941e+00	5.588225e+00	5.328382e-05	1.104359e-09
3.306494e+00	5.540507e+00	5.321873e-05	1.106657e-09
3.368052e+00	5.491700e+00	5.315059e-05	1.109054e-09
3.432625e+00	5.441931e+00	5.307942e-05	1.111550e-09
3.500191e+00	5.391351e+00	5.300529e-05	1.114141e-09
3.570698e+00	5.340122e+00	5.292830e-05	1.116825e-09
3.644065e+00	5.288418e+00	5.284859e-05	1.119597e-09
3.720184e+00	5.236415e+00	5.276630e-05	1.122451e-09
3.798249e+00	5.184734e+00	5.268235e-05	1.125356e-09
3.878019e+00	5.133564e+00	5.259703e-05	1.128303e-09
3.959534e+00	5.082899e+00	5.251031e-05	1.131293e-09
4.042835e+00	5.032735e+00	5.242219e-05	1.134328e-09
4.127962e+00	4.983067e+00	5.233265e-05	1.137408e-09
4.214959e+00	4.933889e+00	5.224166e-05	1.140536e-09
4.303870e+00	4.885198e+00	5.214922e-05	1.143711e-09
4.394740e+00	4.836987e+00	5.205531e-05	1.146937e-09
4.487613e+00	4.789253e+00	5.195990e-05	1.150213e-09
4.582539e+00	4.741991e+00	5.186300e-05	1.153542e-09
4.679506e+00	4.695224e+00	5.176463e-05	1.156923e-09
4.777703e+00	4.649342e+00	5.166565e-05	1.160328e-09
4.877007e+00	4.604378e+00	5.156620e-05	1.163753e-09
4.977334e+00	4.560343e+00	5.146637e-05	1.167194e-09
5.078614e+00	4.517238e+00	5.136626e-05	1.170652e-09
5.180789e+00	4.475058e+00	5.126592e-05	1.174123e-09
5.283804e+00	4.433793e+00	5.116541e-05	1.177606e-09
5.387615e+00	4.393429e+00	5.106481e-05	1.181100e-09
5.492182e+00	4.353949e+00	5.096413e-05	1.184605e-09
5.597469e+00	4.315337e+00	5.086344e-05	1.188120e-09
5.703447e+00	4.277571e+00	5.076276e-05	1.191643e-09
5.810089e+00	4.240632e+00	5.066213e-05	1.195175e-09
5.917372e+00	4.204496e+00	5.056156e-05	1.198716e-09
6.025278e+00	4.169143e+00	5.046109e-05	1.202264e-09
6.133789e+00	4.134549e+00	5.036073e-05	1.205820e-09
6.242891e+00	4.100694e+00	5.026051e-05	1.209384e-09
6.352572e+00	4.067554e+00	5.016042e-05	1.212955e-09
6.462821e+00	4.035108e+00	5.006049e-05	1.216534e-09
6.573630e+00	4.003335e+00	4.996073e-05	1.220121e-09
6.684991e+00	3.972215e+00	4.986115e-05	1.223716e-09
6.796898e+00	3.941726e+00	4.976175e-05	1.227318e-09
6.909346e+00	3.911850e+00	4.966254e-05	1.230929e-09
7.022329e+00	3.882567e+00	4.956353e-05	1.234548e-09
7.135845e+00	3.853859e+00	4.946472e-05	1.238175e-09
7.249890e+00	3.825708e+00	4.936612e-05	1.241810e-09
7.364461e+00	3.798097e+00	4.926773e-05	1.245454e-09
7.479558e+00	3.771010e+00	4.916956e-05	1.249107e-09
7.595177e+00	3.744431e+00	4.907160e-05	1.252769e-09
7.711319e+00	3.718345e+00	4.897386e-05	1.256440e-09
7.827981e+00	3.692735e+00	4.887635e-05	1.260121e-09
7.945163e+00	3.667590e+00	4.877906e-05	1.263811e-09
8.062865e+00	3.642894e+00	4.868200e-05	1.267511e-09
8.181086e+00	3.618635e+00	4.858517e-05	1.271221e-09
8.299825e+00	3.594801e+00	4.848856e-05	1.274941e-09
8.419084e+00	3.571378e+00	4.839219e-05	1.278671e-09
8.538861e+00	3.548355e+00	4.829605e-05	1.282412e-09
8.659157e+00	3.525722e+00	4.820014e-05	1.286163e-09
8.779973e+00	3.503467e+00	4.810446e-05	1.289925e-09
8.901307e+00	3.481580e+00	4.800902e-05	1.293699e-09
9.023161e+00	3.460051e+00	4.791382e-05	1.297483e-09
9.145534e+00	3.438870e+00	4.781885e-05	1.301279e-09
9.268428e+00	3.418028e+00	4.772412e-05	1.305086e-09
9.391842e+00	3.397516e+00	4.762963e-05	1.308906e-09
9.515776e+00	3.377325e+00	4.753538e-05	1.312736e-09
9.640232e+00	3.357448e+00	4.744137e-05	1.316579e-09
9.765209e+00	3.337875e+00	4.734759e-05	1.320434e-09
9.890708e+00	3.318600e+00	4.725406e-05	1.324302e-09
1.001673e+01	3.299615e+00	4.716077e-05	1.328181e-09
1.014327e+01	3.280913e+00	4.706772e-05	1.332074e-09
1.027034e+01	3.262486e+00	4.697491e-05	1.335978e-09
1.039793e+01	3.244329e+00	4.688234e-05	1.339896e-09
1.052604e+01	3.226434e+00	4.679002e-05	1.343827e-09
1.065468e+01	3.208796e+00	4.669794e-05	1.347771e-09
1.078384e+01	3.191407e+00	4.660611e-05	1.351728e-09
1.091353e+01	3.174263e+00	4.651452e-05	1.355699e-09
1.104374e+01	3.157358e+00	4.642317e-05	1.359683e-09
1.117448e+01	3.140686e+00	4.633207e-05	1.363680e-09
1.130575e+01	3.124242e+00	4.624121e-05	1.367692e-09
1.143754e+01	3.108021e+00	4.615060e-05	1.371717e-09
1.156985e+01	3.092017e+00	4.606023e-05	1.375756e-09
1.170270e+01	3.076227e+00	4.597011e-05	1.379810e-09
1.183607e+01	3.060645e+00	4.588024e-05	1.383877e-09
1.196997e+01	3.045266e+00	4.579061e-05	1.387959e-09
1.210440e+01	3.030087e+00	4.570123e-05	1.392056e-09
1.223936e+01	3.015103e+00	4.561210e-05	1.396167e-09
1.237484e+01	3.000310e+00	4.552321e-05	1.400292e-09
1.251086e+01	2.985703e+00	4.543457e-05	1.404433e-09
1.264741e+01	2.971280e+00	4.534618e-05	1.408588e-09
1.278449e+01	2.957035e+00	4.525802e-05	1.412760e-09
1.292211e+01	2.942966e+00	4.517012e-05	1.416947e-09
1.306026e+01	2.929068e+00	4.508246e-05	1.421149e-09
1.319894e+01	2.915339e+00	4.499504e-05	1.425366e-09
1.333816e+01	2.901775e+00	4.490787e-05	1.429599e-09
1.347791e+01	2.888372e+00	4.482095e-05	1.433848e-09
1.361820e+01	2.875127e+00	4.473427e-05	1.438113e-09
1.375904e+01	2.862037e+00	4.464784e-05	1.442394e-09
1.390041e+01	2.849099e+00	4.456164e-05	1.446690e-09
1.404233e+01	2.836310e+00	4.447570e-05	1.451004e-09
1.418479e+01	2.823667e+00	4.438999e-05	1.455333e-09
1.432781e+01	2.811166e+00	4.430452e-05	1.459679e-09
1.447137e+01	2.798806e+00	4.421929e-05	1.464042e-09
1.461548e+01	2.786583e+00	4.413430e-05	1.468422e-09
1.476015e+01	2.774495e+00	4.404955e-05	1.472819e-09
1.490539e+01	2.762539e+00	4.396503e-05	1.477234e-09
1.505118e+01	2.750712e+00	4.388075e-05	1.481666e-09
1.519754e+01	2.739011e+00	4.379670e-05	1.486115e-09
1.534448e+01	2.727435e+00	4.371287e-05	1.490583e-09
1.549199e+01	2.715980e+00	4.362927e-05	1.495069e-09
1.564009e+01	2.704645e+00	4.354590e-05	1.499574e-09
1.578877e+01	2.693426e+00	4.346275e-05	1.504097e-09
1.593805e+01	2.682321e+00	4.337981e-05	1.508640e-09
1.608794e+01	2.671328e+00	4.329709e-05	1.513202e-09
1.623844e+01	2.660444e+00	4.321458e-05	1.517784e-09
1.638956e+01	2.649667e+00	4.313227e-05	1.522386e-09
1.654131e+01	2.638995e+00	4.305017e-05	1.527009e-09
1.669371e+01	2.628425e+00	4.296826e-05	1.531652e-09
1.684676e+01	2.617954e+00	4.288654e-05	1.536318e-09
1.700048e+01	2.607581e+00	4.280500e-05	1.541005e-09
1.715489e+01	2.597303e+00	4.272365e-05	1.545715e-09
1.731000e+01	2.587118e+00	4.264246e-05	1.550448e-09
1.746583e+01	2.577022e+00	4.256143e-05	1.555205e-09
1.762241e+01	2.567014e+00	4.248056e-05	1.559987e-09
1.777974e+01	2.557091e+00	4.239983e-05	1.564795e-09
1.793787e+01	2.547251e+00	4.231923e-05	1.569628e-09
1.809681e+01	2.537490e+00	4.223875e-05	1.574489e-09
1.825660e+01	2.527806e+00	4.215838e-05	1.579378e-09
1.841727e+01	2.518197e+00	4.207810e-05	1.584297e-09
1.857886e+01	2.508659e+00	4.199790e-05	1.589246e-09
1.874141e+01	2.499189e+00	4.191777e-05	1.594228e-09
1.890496e+01	2.489784e+00	4.183768e-05	1.599243e-09
1.906956e+01	2.480442e+00	4.175761e-05	1.604293e-09
1.923526e+01	2.471158e+00	4.167754e-05	1.609380e-09
1.940213e+01	2.461929e+00	4.159746e-05	1.614506e-09
1.957023e+01	2.452752e+00	4.151733e-05	1.619674e-09
1.973964e+01	2.443623e+00	4.143712e-05	1.624884e-09
1.991043e+01	2.434537e+00	4.135680e-05	1.630141e-09
2.008268e+01	2.425490e+00	4.127635e-05	1.635447e-09
2.025651e+01	2.416479e+00	4.119572e-05	1.640805e-09
2.043201e+01	2.407497e+00	4.111488e-05	1.646219e-09
2.060929e+01	2.398541e+00	4.103378e-05	1.651692e-09
2.078849e+01	2.389604e+00	4.095237e-05	1.657228e-09
2.096976e+01	2.380680e+00	4.087060e-05	1.662833e-09
2.115323e+01	2.371765e+00	4.078842e-05	1.668511e-09
2.133909e+01	2.362851e+00	4.070577e-05	1.674267e-09
2.152751e+01	2.353931e+00	4.062257e-05	1.680108e-09
2.171872e+01	2.344999e+00	4.053876e-05	1.686041e-09
2.191293e+01	2.336045e+00	4.045426e-05	1.692073e-09
2.211039e+01	2.327063e+00	4.036898e-05	1.698211e-09
2.231137e+01	2.318042e+00	4.028283e-05	1.704465e-09
2.251618e+01	2.308973e+00	4.019571e-05	1.710845e-09
2.272514e+01	2.299847e+00	4.010750e-05	1.717362e-09
2.293861e+01	2.290651e+00	4.001810e-05	1.724026e-09
2.315700e+01	2.281376e+00	3.992738e-05	1.730852e-09
2.338073e+01	2.272007e+00	3.983519e-05	1.737853e-09
2.361029e+01	2.262532e+00	3.974138e-05	1.745045e-09
2.384619e+01	2.252937e+00	3.964580e-05	1.752446e-09
2.408900e+01	2.243207e+00	3.954826e-05	1.760074e-09
2.433936e+01	2.233326e+00	3.944860e-05	1.767950e-09
2.459795e+01	2.223278e+00	3.934659e-05	1.776097e-09
2.486551e+01	2.213045e+00	3.924203e-05	1.784540e-09
2.514285e+01	2.202609e+00	3.913469e-05	1.793305e-09
2.543087e+01	2.191951e+00	3.902434e-05	1.802424e-09
2.573052e+01	2.181051e+00	3.891070e-05	1.811928e-09
2.604284e+01	2.169888e+00	3.879352e-05	1.821852e-09
2.636895e+01	2.158442e+00	3.867251e-05	1.832236e-09
2.671004e+01	2.146692e+00	3.854738e-05	1.843120e-09
2.706740e+01	2.134618e+00	3.841785e-05	1.854548e-09
2.744239e+01	2.122198e+00	3.828361e-05	1.866569e-09
2.783643e+01	2.109416e+00	3.814436e-05	1.879233e-09
2.825100e+01	2.096252e+00	3.799983e-05	1.892594e-09
2.868766e+01	2.082692e+00	3.784973e-05	1.906707e-09
2.914795e+01	2.068724e+00	3.769382e-05	1.921630e-09
2.963346e+01	2.054338e+00	3.753189e-05	1.937424e-09
3.014576e+01	2.039531e+00	3.736377e-05	1.954147e-09
3.068637e+01	2.024301e+00	3.718931e-05	1.971863e-09
3.125674e+01	2.008656e+00	3.700847e-05	1.990629e-09
3.185822e+01	1.992604e+00	3.682124e-05	2.010506e-09
3.249204e+01	1.976165e+00	3.662769e-05	2.031549e-09
3.315928e+01	1.959359e+00	3.642798e-05	2.053812e-09
3.386083e+01	1.942216e+00	3.622231e-05	2.077344e-09
3.459739e+01	1.924768e+00	3.601100e-05	2.102191e-09
3.536946e+01	1.907053e+00	3.579440e-05	2.128393e-09
3.617736e+01	1.889111e+00	3.557294e-05	2.155987e-09
3.702117e+01	1.870986e+00	3.534710e-05	2.185002e-09
3.790080e+01	1.852723e+00	3.511740e-05	2.215467e-09
3.881113e+01	1.834461e+00	3.488561e-05	2.247233e-09
3.974422e+01	1.816378e+00	3.465404e-05	2.280051e-09
4.070063e+01	1.798474e+00	3.442276e-05	2.313963e-09
4.168090e+01	1.780747e+00	3.419185e-05	2.349017e-09
4.268409e+01	1.763220e+00	3.396172e-05	2.385206e-09
4.369869e+01	1.746091e+00	3.373508e-05	2.422139e-09
4.472074e+01	1.729408e+00	3.351275e-05	2.459685e-09
4.575065e+01	1.713146e+00	3.329453e-05	2.497876e-09
4.679004e+01	1.697261e+00	3.307999e-05	2.536786e-09
4.784005e+01	1.681721e+00	3.286884e-05	2.576477e-09
4.890102e+01	1.666509e+00	3.266096e-05	2.616979e-09
4.997286e+01	1.651615e+00	3.245633e-05	2.658310e-09
5.105540e+01	1.637030e+00	3.225493e-05	2.700481e-09
5.214851e+01	1.622745e+00	3.205674e-05	2.743509e-09
5.325216e+01	1.608750e+00	3.186172e-05	2.787414e-09
5.436636e+01	1.595034e+00	3.166982e-05	2.832216e-09
5.549113e+01	1.581588e+00	3.148099e-05	2.877939e-09
5.662650e+01	1.568403e+00	3.129517e-05	2.924605e-09
5.777249e+01	1.555470e+00	3.111231e-05	2.972240e-09
5.892910e+01	1.542781e+00	3.093238e-05	3.020866e-09
6.009636e+01	1.530327e+00	3.075533e-05	3.070510e-09
6.127429e+01	1.518100e+00	3.058110e-05	3.121198e-09
6.246291e+01	1.506095e+00	3.040966e-05	3.172955e-09
6.366224e+01	1.494303e+00	3.024095e-05	3.225811e-09
6.487232e+01	1.482717e+00	3.007494e-05	3.279793e-09
6.609320e+01	1.471332e+00	2.991157e-05	3.334932e-09
6.732491e+01	1.460140e+00	2.975081e-05	3.391260e-09
6.856752e+01	1.449136e+00	2.959260e-05	3.448807e-09
6.982107e+01	1.438314e+00	2.943691e-05	3.507609e-09
7.108566e+01	1.427668e+00	2.928369e-05	3.567701e-09
7.236136e+01	1.417193e+00	2.913289e-05	3.629119e-09
7.364828e+01	1.406882e+00	2.898447e-05	3.691902e-09
7.494653e+01	1.396731e+00	2.883838e-05	3.756092e-09
7.625625e+01	1.386734e+00	2.869458e-05	3.821731e-09
7.757759e+01	1.376887e+00	2.855301e-05	3.888865e-09
7.891074e+01	1.367184e+00	2.841365e-05	3.957543e-09
8.025589e+01	1.357621e+00	2.827643e-05	4.027815e-09
8.161330e+01	1.348191e+00	2.814130e-05	4.099737e-09
8.298323e+01	1.338892e+00	2.800822e-05	4.173368e-09
8.436599e+01	1.329716e+00	2.787714e-05	4.248771e-09
8.576196e+01	1.320660e+00	2.774800e-05	4.326013e-09
8.717153e+01	1.311718e+00	2.762076e-05	4.405170e-09
8.859520e+01	1.302886e+00	2.749534e-05	4.486320e-09
9.003349e+01	1.294158e+00	2.737170e-05	4.569553e-09
9.148703e+01	1.285529e+00	2.724977e-05	4.654963e-09
9.295653e+01	1.276992e+00	2.712949e-05	4.742656e-09
9.444281e+01	1.268543e+00	2.701080e-05	4.832750e-09
9.594681e+01	1.260176e+00	2.689361e-05	4.925373e-09
9.746960e+01	1.251883e+00	2.677786e-05	5.020672e-09
9.901242e+01	1.243658e+00	2.666347e-05	5.118807e-09
1.005767e+02	1.235495e+00	2.655034e-05	5.219962e-09
1.021641e+02	1.227384e+00	2.643839e-05	5.324343e-09
1.037764e+02	1.219319e+00	2.632752e-05	5.432186e-09
1.054160e+02	1.211288e+00	2.621760e-05	5.543760e-09
1.070853e+02	1.203283e+00	2.610853e-05	5.659373e-09
1.087869e+02	1.195294e+00	2.600020e-05	5.779358e-09
1.104789e+02	1.187515e+00	2.589524e-05	5.900839e-09
1.121604e+02	1.179942e+00	2.579356e-05	6.023763e-09
1.138294e+02	1.172574e+00	2.569516e-05	6.147969e-09
1.154842e+02	1.165411e+00	2.559998e-05	6.273318e-09
1.171234e+02	1.158450e+00	2.550798e-05	6.399683e-09
1.187458e+02	1.151687e+00	2.541908e-05	6.526954e-09
1.203507e+02	1.145118e+00	2.533318e-05	6.655034e-09
1.219375e+02	1.138737e+00	2.525021e-05	6.783840e-09
1.235058e+02	1.132538e+00	2.517004e-05	6.913308e-09
1.250555e+02	1.126516e+00	2.509257e-05	7.043385e-09
1.265868e+02	1.120662e+00	2.501769e-05	7.174035e-09
1.280997e+02	1.114970e+00	2.494528e-05	7.305233e-09
1.295946e+02	1.109433e+00	2.487523e-05	7.436964e-09
1.310720e+02	1.104044e+00	2.480742e-05	7.569221e-09
1.325322e+02	1.098796e+00	2.474176e-05	7.702002e-09
1.339757e+02	1.093683e+00	2.467814e-05	7.835311e-09
1.354031e+02	1.088699e+00	2.461647e-05	7.969149e-09
1.368147e+02	1.083839e+00	2.455665e-05	8.103518e-09
1.382108e+02	1.079096e+00	2.449860e-05	8.238417e-09
1.395919e+02	1.074466e+00	2.444225e-05	8.373839e-09
1.409582e+02	1.069946e+00	2.438753e-05	8.509775e-09
1.423098e+02	1.065531e+00	2.433438e-05	8.646207e-09
1.436470e+02	1.061217e+00	2.428273e-05	8.783115e-09
1.449698e+02	1.057001e+00	2.423253e-05	8.920475e-09
1.462784e+02	1.052881e+00	2.418373e-05	9.058257e-09
1.475728e+02	1.048853e+00	2.413629e-05	9.196432e-09
1.488530e+02	1.044915e+00	2.409015e-05	9.334969e-09
1.501191e+02	1.041064e+00	2.404527e-05	9.473836e-09
1.513713e+02	1.037297e+00	2.400161e-05	9.613008e-09
1.526096e+02	1.033613e+00	2.395913e-05	9.752459e-09
1.538341e+02	1.030008e+00	2.391779e-05	9.892169e-09
1.550452e+02	1.026479e+00	2.387753e-05	1.003212e-08
1.562431e+02	1.023025e+00	2.383833e-05	1.017231e-08
1.574279e+02	1.019642e+00	2.380015e-05	1.031273e-08
1.586001e+02	1.016329e+00	2.376293e-05	1.045338e-08
1.597600e+02	1.013082e+00	2.372665e-05	1.059426e-08
1.609080e+02	1.009898e+00	2.369126e-05	1.073540e-08
1.620444e+02	1.006777e+00	2.365674e-05	1.087681e-08
1.631698e+02	1.003713e+00	2.362303e-05	1.101850e-08
1.642845e+02	1.000707e+00	2.359011e-05	1.116051e-08
1.653890e+02	9.977536e-01	2.355794e-05	1.130286e-08
1.664837e+02	9.948523e-01	2.352650e-05	1.144559e-08
1.675691e+02	9.920004e-01	2.349574e-05	1.158873e-08
1.686458e+02	9.891956e-01	2.346564e-05	1.173231e-08
1.697140e+02	9.864358e-01	2.343616e-05	1.187638e-08
1.707743e+02	9.837190e-01	2.340729e-05	1.202098e-08
1.718271e+02	9.810434e-01	2.337900e-05	1.216614e-08
1.728728e+02	9.784070e-01	2.335125e-05	1.231192e-08
1.739119e+02	9.758080e-01	2.332403e-05	1.245835e-08
1.749448e+02	9.732448e-01	2.329732e-05	1.260547e-08
1.759718e+02	9.707158e-01	2.327109e-05	1.275334e-08
1.769934e+02	9.682194e-01	2.324532e-05	1.290200e-08
1.780099e+02	9.657542e-01	2.322000e-05	1.305149e-08
1.790217e+02	9.633188e-01	2.319510e-05	1.320185e-08
1.800291e+02	9.609117e-01	2.317061e-05	1.335315e-08
1.810325e+02	9.585319e-01	2.314651e-05	1.350542e-08
1.820322e+02	9.561780e-01	2.312279e-05	1.365870e-08
1.830286e+02	9.538489e-01	2.309943e-05	1.381306e-08
1.840219e+02	9.515434e-01	2.307642e-05	1.396853e-08
1.850125e+02	9.492606e-01	2.305374e-05	1.412516e-08
1.860006e+02	9.469994e-01	2.303138e-05	1.428301e-08
1.869866e+02	9.447588e-01	2.300934e-05	1.444213e-08
1.879707e+02	9.425379e-01	2.298759e-05	1.460257e-08
1.889533e+02	9.403358e-01	2.296613e-05	1.476437e-08
1.899345e+02	9.381515e-01	2.294494e-05	1.492761e-08
1.909148e+02	9.359843e-01	2.292402e-05	1.509233e-08
1.918944e+02	9.338332e-01	2.290336e-05	1.525859e-08
1.928736e+02	9.316974e-01	2.288294e-05	1.542646e-08
1.938526e+02	9.295761e-01	2.286276e-05	1.559599e-08
1.948318e+02	9.274685e-01	2.284280e-05	1.576727e-08
1.958116e+02	9.253737e-01	2.282306e-05	1.594035e-08
1.967921e+02	9.232910e-01	2.280353e-05	1.611532e-08
1.977738e+02	9.212194e-01	2.278420e-05	1.629226e-08
1.987570e+02	9.191583e-01	2.276506e-05	1.647125e-08
1.997421e+02	9.171066e-01	2.274610e-05	1.665238e-08
2.007295e+02	9.150635e-01	2.272732e-05	1.683577e-08
2.017195e+02	9.130281e-01	2.270869e-05	1.702150e-08
2.027127e+02	9.109994e-01	2.269022e-05	1.720972e-08
2.037096e+02	9.089764e-01	2.267190e-05	1.740053e-08
2.047107e+02	9.069580e-01	2.265370e-05	1.759409e-08
2.057165e+02	9.049431e-01	2.263564e-05	1.779055e-08
2.067277e+02	9.029305e-01	2.261768e-05	1.799008e-08
2.077449e+02	9.009188e-01	2.259982e-05	1.819287e-08
2.087691e+02	8.989066e-01	2.258205e-05	1.839913e-08
2.098009e+02	8.968925e-01	2.256436e-05	1.860910e-08
2.108414e+02	8.948747e-01	2.254673e-05	1.882303e-08
2.118916e+02	8.928513e-01	2.252914e-05	1.904123e-08
2.129526e+02	8.908205e-01	2.251159e-05	1.926402e-08
2.140259e+02	8.887798e-01	2.249404e-05	1.949177e-08
2.151128e+02	8.867269e-01	2.247649e-05	1.972492e-08
2.162151e+02	8.846589e-01	2.245891e-05	1.996395e-08
2.173347e+02	8.825727e-01	2.244127e-05	2.020940e-08
2.184737e+02	8.804648e-01	2.242355e-05	2.046192e-08
2.196346e+02	8.783312e-01	2.240573e-05	2.072223e-08
2.208204e+02	8.761673e-01	2.238776e-05	2.099119e-08
2.220343e+02	8.739679e-01	2.236961e-05	2.126978e-08
2.232802e+02	8.717271e-01	2.235123e-05	2.155917e-08
2.245626e+02	8.694377e-01	2.233258e-05	2.186073e-08
2.258869e+02	8.670917e-01	2.231360e-05	2.217610e-08
2.272595e+02	8.646794e-01	2.229422e-05	2.250724e-08
2.286878e+02	8.621893e-01	2.227436e-05	2.285654e-08
2.301813e+02	8.596075e-01	2.225392e-05	2.322693e-08
2.317513e+02	8.569174e-01	2.223280e-05	2.362203e-08
2.334120e+02	8.540980e-01	2.221085e-05	2.404644e-08
2.351813e+02	8.511233e-01	2.218789e-05	2.450604e-08
2.370823e+02	8.479598e-01	2.216372e-05	2.500850e-08
2.391457e+02	8.445640e-01	2.213804e-05	2.556416e-08
2.414128e+02	8.408773e-01	2.211048e-05	2.618724e-08
2.439420e+02	8.368181e-01	2.208052e-05	2.689809e-08
2.463498e+02	8.330057e-01	2.205275e-05	2.759087e-08
2.486059e+02	8.294787e-01	2.202738e-05	2.825450e-08
2.507404e+02	8.261812e-01	2.200394e-05	2.889554e-08
2.527781e+02	8.230682e-01	2.198206e-05	2.951969e-08
2.547372e+02	8.201070e-01	2.196147e-05	3.013117e-08
2.566310e+02	8.172734e-01	2.194197e-05	3.073313e-08
2.584699e+02	8.145487e-01	2.192342e-05	3.132800e-08
2.602621e+02	8.119182e-01	2.190568e-05	3.191773e-08
2.620139e+02	8.093704e-01	2.188866e-05	3.250388e-08
2.637308e+02	8.068955e-01	2.187229e-05	3.308778e-08
2.654171e+02	8.044857e-01	2.185649e-05	3.367052e-08
2.670766e+02	8.021343e-01	2.184122e-05	3.425307e-08
2.687124e+02	7.998356e-01	2.182642e-05	3.483627e-08
2.703274e+02	7.975847e-01	2.181207e-05	3.542084e-08
2.719237e+02	7.953775e-01	2.179811e-05	3.600747e-08
2.735037e+02	7.932101e-01	2.178452e-05	3.659675e-08
2.750690e+02	7.910793e-01	2.177128e-05	3.718924e-08
2.766215e+02	7.889822e-01	2.175836e-05	3.778547e-08
2.781625e+02	7.869163e-01	2.174574e-05	3.838592e-08
2.796934e+02	7.848791e-01	2.173340e-05	3.899106e-08
2.812155e+02	7.828685e-01	2.172132e-05	3.960133e-08
2.827300e+02	7.808827e-01	2.170950e-05	4.021718e-08
2.842378e+02	7.789198e-01	2.169790e-05	4.083901e-08
2.857399e+02	7.769782e-01	2.168653e-05	4.146724e-08
2.872374e+02	7.750565e-01	2.167537e-05	4.210228e-08
2.887309e+02	7.731532e-01	2.166440e-05	4.274455e-08
2.902215e+02	7.712670e-01	2.165363e-05	4.339443e-08
2.917098e+02	7.693968e-01	2.164303e-05	4.405235e-08
2.931967e+02	7.675413e-01	2.163260e-05	4.471872e-08
2.946828e+02	7.656995e-01	2.162234e-05	4.539396e-08
2.961688e+02	7.638703e-01	2.161223e-05	4.607849e-08
2.976555e+02	7.620528e-01	2.160227e-05	4.677277e-08
2.991435e+02	7.602461e-01	2.159244e-05	4.747724e-08
3.006335e+02	7.584491e-01	2.158276e-05	4.819237e-08
3.021261e+02	7.566612e-01	2.157320e-05	4.891864e-08
3.036220e+02	7.548813e-01	2.156376e-05	4.965655e-08
3.051218e+02	7.531088e-01	2.155444e-05	5.040663e-08
3.066262e+02	7.513427e-01	2.154523e-05	5.116942e-08
3.081359e+02	7.495823e-01	2.153613e-05	5.194548e-08
3.096515e+02	7.478268e-01	2.152713e-05	5.273541e-08
3.111737e+02	7.460755e-01	2.151823e-05	5.353983e-08
3.127031e+02	7.443276e-01	2.150942e-05	5.435941e-08
3.142406e+02	7.425823e-01	2.150071e-05	5.519483e-08
3.157867e+02	7.408389e-01	2.149207e-05	5.604683e-08
3.173424e+02	7.390966e-01	2.148352e-05	5.691618e-08
3.189082e+02	7.373546e-01	2.147504e-05	5.780369e-08
3.204851e+02	7.356122e-01	2.146663e-05	5.871024e-08
3.220739e+02	7.338686e-01	2.145830e-05	5.963676e-08
3.236753e+02	7.321229e-01	2.145002e-05	6.058422e-08
3.252904e+02	7.303743e-01	2.144181e-05	6.155367e-08
3.269201e+02	7.286221e-01	2.143366e-05	6.254624e-08
3.285653e+02	7.268653e-01	2.142556e-05	6.356312e-08
3.302271e+02	7.251030e-01	2.141751e-05	6.460560e-08
3.319066e+02	7.233343e-01	2.140951e-05	6.567504e-08
3.336050e+02	7.215583e-01	2.140155e-05	6.677295e-08
3.353234e+02	7.197739e-01	2.139363e-05	6.790089e-08
3.370632e+02	7.179801e-01	2.138575e-05	6.906061e-08
3.388258e+02	7.161759e-01	2.137790e-05	7.025394e-08
3.406127e+02	7.143601e-01	2.137007e-05	7.148290e-08
3.424253e+02	7.125314e-01	2.136228e-05	7.274966e-08
3.442654e+02	7.106887e-01	2.135450e-05	7.405659e-08
3.461348e+02	7.088306e-01	2.134674e-05	7.540625e-08
3.480354e+02	7.069557e-01	2.133899e-05	7.680144e-08
3.499693e+02	7.050625e-01	2.133125e-05	7.824523e-08
3.519386e+02	7.031495e-01	2.132352e-05	7.974095e-08
3.539459e+02	7.012149e-01	2.131579e-05	8.129228e-08
3.559935e+02	6.992569e-01	2.130805e-05	8.290323e-08
3.580845e+02	6.972737e-01	2.130031e-05	8.457825e-08
3.602217e+02	6.952632e-01	2.129255e-05	8.632223e-08
3.624084e+02	6.932232e-01	2.128477e-05	8.814057e-08
3.646483e+02	6.911514e-01	2.127697e-05	9.003928e-08
3.669452e+02	6.890451e-01	2.126915e-05	9.202502e-08
3.693034e+02	6.869018e-01	2.126129e-05	9.410522e-08
3.717275e+02	6.847184e-01	2.125339e-05	9.628818e-08
3.742225e+02	6.824918e-01	2.124545e-05	9.858317e-08
3.767940e+02	6.802185e-01	2.123746e-05	1.010007e-07
3.794482e+02	6.778949e-01	2.122941e-05	1.035524e-07
3.821916e+02	6.755170e-01	2.122129e-05	1.062515e-07
3.850316e+02	6.730804e-01	2.121311e-05	1.091132e-07
3.879765e+02	6.705804e-01	2.120486e-05	1.121545e-07
3.910350e+02	6.680119e-01	2.119652e-05	1.153948e-07
3.942171e+02	6.653695e-01	2.118809e-05	1.188563e-07
3.975337e+02	6.626473e-01	2.117956e-05	1.225645e-07
4.009967e+02	6.598387e-01	2.117094e-05	1.265485e-07
4.046195e+02	6.569371e-01	2.116220e-05	1.308422e-07
4.084166e+02	6.539348e-01	2.115335e-05	1.354845e-07
4.124042e+02	6.508242e-01	2.114438e-05	1.405205e-07
4.166001e+02	6.475967e-01	2.113529e-05	1.460030e-07
4.210238e+02	6.442435e-01	2.112608e-05	1.519931e-07
4.256967e+02	6.407552e-01	2.111673e-05	1.585628e-07
4.306423e+02	6.371222e-01	2.110726e-05	1.657961e-07
4.358863e+02	6.333342e-01	2.109767e-05	1.737923e-07
4.414564e+02	6.293811e-01	2.108797e-05	1.826683e-07
4.473831e+02	6.252523e-01	2.107815e-05	1.925631e-07
4.536990e+02	6.209376e-01	2.106825e-05	2.036417e-07
4.604395e+02	6.164266e-01	2.105827e-05	2.161011e-07
4.676429e+02	6.117093e-01	2.104823e-05	2.301782e-07
4.753502e+02	6.067762e-01	2.103817e-05	2.461582e-07
4.836058e+02	6.016182e-01	2.102812e-05	2.643875e-07
4.924579e+02	5.962268e-01	2.101810e-05	2.852891e-07
5.019586e+02	5.905938e-01	2.100816e-05	3.093832e-07
5.120825e+02	5.847589e-01	2.099842e-05	3.370810e-07
5.224019e+02	5.789818e-01	2.098932e-05	3.676255e-07
5.329210e+02	5.732617e-01	2.098081e-05	4.013417e-07
5.436440e+02	5.675983e-01	2.097288e-05	4.385952e-07
5.545752e+02	5.619909e-01	2.096549e-05	4.797978e-07
5.657189e+02	5.564389e-01	2.095861e-05	5.254132e-07
5.770795e+02	5.509419e-01	2.095221e-05	5.759650e-07
5.886618e+02	5.454992e-01	2.094626e-05	6.320440e-07
6.004702e+02	5.401104e-01	2.094075e-05	6.943184e-07
6.125096e+02	5.347748e-01	2.093563e-05	7.635443e-07
6.247847e+02	5.294920e-01	2.093090e-05	8.405779e-07
6.373006e+02	5.242615e-01	2.092651e-05	9.263907e-07
6.500622e+02	5.190826e-01	2.092246e-05	1.022085e-06
6.630747e+02	5.139550e-01	2.091873e-05	1.128913e-06
6.763433e+02	5.088781e-01	2.091528e-05	1.248302e-06
6.898733e+02	5.038514e-01	2.091211e-05	1.381873e-06
7.036703e+02	4.988743e-01	2.090919e-05	1.531478e-06
7.177396e+02	4.939465e-01	2.090650e-05	1.699231e-06
7.320871e+02	4.890674e-01	2.090404e-05	1.887545e-06
7.467184e+02	4.842365e-01	2.090178e-05	2.099182e-06
7.616394e+02	4.794534e-01	2.089972e-05	2.337306e-06
7.768561e+02	4.747175e-01	2.089782e-05	2.605546e-06
7.923747e+02	4.700285e-01	2.089610e-05	2.908066e-06
8.082013e+02	4.653858e-01	2.089452e-05	3.249654e-06
8.243423e+02	4.607890e-01	2.089309e-05	3.635820e-06
8.408041e+02	4.562376e-01	2.089178e-05	4.072912e-06
8.575933e+02	4.517312e-01	2.089059e-05	4.568254e-06
8.747168e+02	4.472693e-01	2.088952e-05	5.130305e-06
8.921812e+02	4.428515e-01	2.088854e-05	5.768849e-06
9.099935e+02	4.384774e-01	2.088765e-05	6.495214e-06
9.281610e+02	4.341465e-01	2.088685e-05	7.322535e-06
9.466908e+02	4.298583e-01	2.088613e-05	8.266061e-06
9.655903e+02	4.256126e-01	2.088548e-05	9.343518e-06
9.848671e+02	4.214088e-01	2.088489e-05	1.057554e-05
1.004529e+03	4.172465e-01	2.088436e-05	1.198617e-05
1.024583e+03	4.131254e-01	2.088389e-05	1.360348e-05
1.045038e+03	4.090449e-01	2.088347e-05	1.546026e-05
1.065902e+03	4.050048e-01	2.088308e-05	1.759491e-05
1.087184e+03	4.010046e-01	2.088274e-05	2.005239e-05
1.108890e+03	3.970439e-01	2.088244e-05	2.288549e-05
1.131031e+03	3.931224e-01	2.088217e-05	2.615625e-05
1.153615e+03	3.892395e-01	2.088193e-05	2.993766e-05
1.176651e+03	3.853951e-01	2.088171e-05	3.431575e-05
1.200148e+03	3.815886e-01	2.088152e-05	3.939205e-05
1.224116e+03	3.778197e-01	2.088135e-05	4.528657e-05
1.248563e+03	3.740880e-01	2.088120e-05	5.214137e-05
1.273500e+03	3.703932e-01	2.088107e-05	6.012483e-05
1.298936e+03	3.667349e-01	2.088095e-05	6.943690e-05
1.324882e+03	3.631128e-01	2.088085e-05	8.031530e-05
1.351347e+03	3.595264e-01	2.088076e-05	9.304313e-05
1.378343e+03	3.559754e-01	2.088068e-05	1.079581e-04
1.405880e+03	3.524595e-01	2.088061e-05	1.254635e-04
1.433968e+03	3.489783e-01	2.088055e-05	1.460420e-04
1.462619e+03	3.455316e-01	2.088050e-05	1.702722e-04
1.491844e+03	3.421188e-01	2.088045e-05	1.988481e-04
1.521656e+03	3.387398e-01	2.088041e-05	2.326046e-04
1.552064e+03	3.353942e-01	2.088038e-05	2.725469e-04
1.583082e+03	3.320816e-01	2.088035e-05	3.198877e-04
1.614722e+03	3.288017e-01	2.088032e-05	3.760921e-04
1.646996e+03	3.255542e-01	2.088030e-05	4.429337e-04
1.679917e+03	3.223388e-01	2.088028e-05	5.225626e-04
1.713498e+03	3.191551e-01	2.088026e-05	6.175902e-04
1.747752e+03	3.160029e-01	2.088025e-05	7.311937e-04
1.782692e+03	3.128818e-01	2.088023e-05	8.672454e-04
1.818333e+03	3.097916e-01	2.088022e-05	1.030473e-03
1.854689e+03	3.067318e-01	2.088021e-05	1.226660e-03
1.891774e+03	3.037023e-01	2.088020e-05	1.462893e-03
1.929602e+03	3.007027e-01	2.088020e-05	1.747871e-03
1.968188e+03	2.977328e-01	2.088019e-05	2.092292e-03
2.007548e+03	2.947922e-01	2.088019e-05	2.509342e-03
2.047697e+03	2.918806e-01	2.088018e-05	3.015294e-03
2.088651e+03	2.889977e-01	2.088018e-05	3.630278e-03
2.130427e+03	2.861434e-01	2.088018e-05	4.379242e-03
2.173039e+03	2.833172e-01	2.088017e-05	5.293160e-03
2.216506e+03	2.805190e-01	2.088017e-05	6.410564e-03
2.260845e+03	2.777484e-01	2.088017e-05	7.779488e-03
2.306073e+03	2.750051e-01	2.088017e-05	9.459925e-03
2.352207e+03	2.722890e-01	2.088017e-05	1.152695e-02
2.399266e+03	2.695997e-01	2.088017e-05	1.407472e-02
2.447269e+03	2.669369e-01	2.088017e-05	1.722151e-02
2.496235e+03	2.643004e-01	2.088017e-05	2.111624e-02
2.546182e+03	2.616900e-01	2.088016e-05	2.594677e-02
2.597130e+03	2.591054e-01	2.088016e-05	3.195045e-02
2.649100e+03	2.565463e-01	2.088016e-05	3.942781e-02
2.702112e+03	2.540124e-01	2.088016e-05	4.875983e-02
2.756187e+03	2.515036e-01	2.088016e-05	6.043018e-02
2.811346e+03	2.490196e-01	2.088016e-05	7.505326e-02
2.867611e+03	2.465601e-01	2.088016e-05	9.340950e-02
2.925004e+03	2.441249e-01	2.088016e-05	1.164888e-01
2.983548e+03	2.417137e-01	2.088016e-05	1.455422e-01
3.043266e+03	2.393264e-01	2.088016e-05	1.821400e-01
3.104181e+03	2.369626e-01	2.088016e-05	2.282290e-01
3.166317e+03	2.346222e-01	2.088016e-05	2.861713e-01
3.229699e+03	2.323049e-01	2.088016e-05	3.587327e-01
3.294352e+03	2.300105e-01	2.088016e-05	4.489617e-01
3.360301e+03	2.277387e-01	2.088016e-05	5.598884e-01
3.427573e+03	2.254894e-01	2.088016e-05	6.939958e-01
3.496193e+03	2.232623e-01	2.088016e-05	8.525429e-01
3.566189e+03	2.210572e-01	2.088016e-05	1.035018e+00
3.637589e+03	2.188739e-01	2.088016e-05	1.239099e+00
3.710420e+03	2.167121e-01	2.088016e-05	1.461235e+00
3.784711e+03	2.145717e-01	2.088016e-05	1.697556e+00
3.860492e+03	2.124525e-01	2.088016e-05	1.944609e+00
3.937793e+03	2.103541e-01	2.088016e-05	2.199710e+00
4.016643e+03	2.082765e-01	2.088016e-05	2.460963e+00
4.097074e+03	2.062194e-01	2.088016e-05	2.727110e+00
4.179118e+03	2.041827e-01	2.088016e-05	2.997358e+00
4.262807e+03	2.021660e-01	2.088016e-05	3.271225e+00
4.348173e+03	2.001693e-01	2.088016e-05	3.548427e+00
4.435252e+03	1.981922e-01	2.088016e-05	3.828806e+00
4.524076e+03	1.962348e-01	2.088016e-05	4.112278e+00
4.614681e+03	1.942966e-01	2.088016e-05	4.398809e+00
4.707103e+03	1.923776e-01	2.088016e-05	4.688388e+00
4.801378e+03	1.904775e-01	2.088016e-05	4.981024e+00
4.897543e+03	1.885962e-01	2.088016e-05	5.276733e+00
4.995636e+03	1.867335e-01	2.088016e-05	5.575539e+00
5.095696e+03	1.848892e-01	2.088016e-05	5.877469e+00
5.197762e+03	1.830631e-01	2.088016e-05	6.182551e+00
5.301875e+03	1.812550e-01	2.088016e-05	6.490815e+00
5.408075e+03	1.794648e-01	2.088016e-05	6.802293e+00
5.516404e+03	1.776923e-01	2.088016e-05	7.117016e+00
5.626906e+03	1.759373e-01	2.088016e-05	7.435016e+00
5.739622e+03	1.741996e-01	2.088016e-05	7.756327e+00
5.854599e+03	1.724791e-01	2.088016e-05	8.080981e+00
5.971881e+03	1.707756e-01	2.088016e-05	8.409012e+00
6.091515e+03	1.690888e-01	2.088016e-05	8.740452e+00
6.213547e+03	1.674188e-01	2.088016e-05	9.075338e+00
6.338026e+03	1.657653e-01	2.088016e-05	9.413702e+00
6.465001e+03	1.641280e-01	2.088016e-05	9.755580e+00
6.594522e+03	1.625070e-01	2.088016e-05	1.010101e+01
6.726639e+03	1.609019e-01	2.088016e-05	1.045002e+01
6.861406e+03	1.593128e-01	2.088016e-05	1.080265e+01
6.998874e+03	1.577393e-01	2.088016e-05	1.115894e+01
7.139099e+03	1.561813e-01	2.088016e-05	1.151892e+01
7.282136e+03	1.546388e-01	2.088016e-05	1.188263e+01
7.428040e+03	1.531114e-01	2.088016e-05	1.225011e+01
7.576869e+03	1.515992e-01	2.088016e-05	1.262139e+01
7.728683e+03	1.501019e-01	2.088016e-05	1.299651e+01
7.883540e+03	1.486194e-01	2.088016e-05	1.337552e+01
8.041503e+03	1.471515e-01	2.088016e-05	1.375845e+01
8.202632e+03	1.456981e-01	2.088016e-05	1.414534e+01
8.366992e+03	1.442591e-01	2.088016e-05	1.453622e+01
8.534648e+03	1.428343e-01	2.088016e-05	1.493114e+01
8.705665e+03	1.414236e-01	2.088016e-05	1.533015e+01
8.880110e+03	1.400268e-01	2.088016e-05	1.573327e+01
9.058054e+03	1.386438e-01	2.088016e-05	1.614056e+01
9.239565e+03	1.372744e-01	2.088016e-05	1.655204e+01
9.424716e+03	1.359186e-01	2.088016e-05	1.696778e+01
9.613579e+03	1.345762e-01	2.088016e-05	1.738779e+01
9.806228e+03	1.332470e-01	2.088016e-05	1.781214e+01
1.000274e+04	1.319309e-01	2.088016e-05	1.824087e+01
1.020319e+04	1.306279e-01	2.088016e-05	1.867401e+01
1.040766e+04	1.293377e-01	2.088016e-05	1.911161e+01
1.061623e+04	1.280603e-01	2.088016e-05	1.955371e+01
1.082899e+04	1.267955e-01	2.088016e-05	2.000037e+01
1.104601e+04	1.255432e-01	2.088016e-05	2.045162e+01
1.126738e+04	1.243032e-01	2.088016e-05	2.090752e+01
1.149318e+04	1.230755e-01	2.088016e-05	2.136810e+01
1.172352e+04	1.218599e-01	2.088016e-05	2.183342e+01
1.195847e+04	1.206563e-01	2.088016e-05	2.230353e+01
1.219814e+04	1.194646e-01	2.088016e-05	2.277846e+01
1.244261e+04	1.182847e-01	2.088016e-05	2.325827e+01
1.269198e+04	1.171165e-01	2.088016e-05	2.374301e+01
1.294635e+04	1.159597e-01	2.088016e-05	2.423273e+01
1.320582e+04	1.148144e-01	2.088016e-05	2.472747e+01
1.347049e+04	1.136804e-01	2.088016e-05	2.522729e+01
1.374048e+04	1.125576e-01	2.088016e-05	2.573223e+01
1.401587e+04	1.114459e-01	2.088016e-05	2.624236e+01
1.429678e+04	1.103452e-01	2.088016e-05	2.675771e+01
1.458333e+04	1.092554e-01	2.088016e-05	2.727835e+01
1.487562e+04	1.081763e-01	2.088016e-05	2.780432e+01
1.517378e+04	1.071079e-01	2.088016e-05	2.833568e+01
1.547791e+04	1.060500e-01	2.088016e-05	2.887248e+01
1.578814e+04	1.050026e-01	2.088016e-05	2.941478e+01
1.610459e+04	1.039655e-01	2.088016e-05	2.996264e+01
1.642738e+04	1.029386e-01	2.088016e-05	3.051609e+01
1.675665e+04	1.019219e-01	2.088016e-05	3.107522e+01
1.709251e+04	1.009153e-01	2.088016e-05	3.164006e+01
1.743512e+04	9.991857e-02	2.088016e-05	3.221067e+01
